86 01
walk 500 550 600
jump 1100 1150 1200
walk 1930 1980 2030
punch 2450 2500 2550
walk 3150 3200 3250
leg_kick 4015 4065 4115
punch 4579 4579 4579

86 02
walk 980 1010 1100 
squat 1850 1900 1950 
run 2580 2700 2780  
stand 3080 3150 3180 
arm-up 4670 4710 4750 
walk 5800 5900 6000 
jump 7250 7370 7420 
drink 8725 8820 8880 
punch 9570 9624 9660 
walk 10617 10617 10617

86 03
walk 900 975 1050 
run 1800 1900 1970 
jump 2351 2420 2500 
walk 3414 3500 3570 
leg_kick 4612 4660 4730
jump_on_left_leg 5350 5420 5500
jump_on_right_leg 6150 6200 6280 
arm_circle 6900 7000 7070 
walk 8401 8401 8401

86 04
walk 970 1019 1100
stretch 2180 2250 2295
punch 3368 3440 3500
stand 4000 4074 4130
walk 4060 5050 5090
slap 5830 5870 5930
turn 6600 6690 6750 
drink 8000 8070 8150
punch 9080 9110 9200
walk 10078 10078 10078

86 05
walk 760 818 850
jump 1480 1550 1675
jump_jack 2270 2320 2400
jump 3881 3840 4000
walk 4480 4550 4590 
punch 5150 5200 5250
cheer 5800 5870 5940
raise_arms 6510 6570 6630
slap 7300 7350 7400
walk 8340 8340 8340

86 06
walk 1050 1100 1150
stand_still 1540 1685 1628
run 2550 2600 2650
stand_still 3100 3150 3220
leg_kick 3900 3940 3980
punch 4570 4620 4670
slap 5450 5490 5530
punch_down 6170 6210 6250
knee_shot 6960 7000 7050
cheer 7930 8000 8060
raise_arms 8870 8910 8950
walk 9939 9939 9939

86 07
walk 1040 1090 1140
rotate_body 1870 1910 1950 
rotate_arms 2525 2575 2590
rotate_body 3640 3690 3720
rotate_arms 4420 4460 4500 
jump 5040 5100 5200
jump_2 5700 5770 5840
walk 6910 6980 7040
run 7750 7800 7850
walk 8702 8702 8702

86 08
walk 900 1100 1130
sit_up 1845 1875 1920
body_rotation 2645 2695 2740
arm_rotation 3300 3330 3360
stand 3915 3950 4010
leg_kick_back 4700 4800 4850
run 5580 5640 5775
stand 6330 6350 6420
stretch 7150 7165 7180
punch 8120 8190 8230
walk 9206 9206 9206

86 09
walk 880 1020 1045
look_around 2060 2160 2170
clap 2825 2830 2880
stand_and_clap 3600 3670 3700
walk 4794 4794 4794

86 10
walk 1900 2000 2010
sit 3780 3790 3850
walk 4930 5000 5150
stand_in_inclined_position 5440 5670 5680
run 6600 6670 6720
walk 7583 7583 7583

86 11
walk 1020 1115 1190
both_arms_rotation 1685 1700 1730
right_arm_rotation 2330 2350 2365
both_arms_rotation 2730 2755 2766
left_arm_rotation 3300 3340 3370
right_arm_rotation 4020 4030 4050
both_arms_rotation 4600 4670 4720
walk 5674 5674 5674

86 12
walk 910 1020 1120
drag 1560 1700 1790
sweep_floor 3210 3300 3340
collect_dirt 4115 4150 4200
through_it_away 4935 5000 5020
get_up_and_short_walk 5300 5315 5320
wash_window 7500 7640 7680
walk 8856 8856 8856

86 13
walk 960 1065 1105
climb_up 1460 1640 1650
stand_move_hands_a_bit 2280 2315 2380
climb_down 2580 2680 2710
stand 3010 3100 3150
climb_up 3560 3760 3770
look_around 4750 4770 4790
climb_down 5170 5250 5360
walk 6221 6221 6221

86 14
walk_lead_ball 630 680 700
through_ball 1890 1970 1980
walk_lead_ball 2900 2930 3000
lead_ball_both_hand 4090 4220 4240
walk_lead_ball 5030 5090 5105
through_ball 5240 5280 5320
walk 6055 6055 6055
